10 258 //start czerwony
70 258    
130 258         
190 258  
250 258  
250 195  
250 135  
250 75  
250 15  
313 15  

375 15  //start niebieski
375 75  
375 135  
375 195  
375 258  
435 258  
495 258  
555 258  
615 258  
615 318   

615 378   // start zielon
555 378  
495 378  
435 378  
375 378  
375 438  
375 498  
375 558  
375 618  
313 618  

250 618  //start zolty
250 558  
250 498  
250 438  
250 378  
190 378  
130 378  
70 378  
10 378  
10 318  

//domki
//czerwony
70 318  
130 318  
190 318  
250 318  
//niebieski
313 75  
313 135  
313 195  
313 255  
//zielony
555 318  
495 318  
435 318  
375 318  
//zolty
313 558  
313 498  
313 438  
313 378  
